[team-2.jpg]
filters=Boost=1,12.280702;sat=1,-0.076023;
moddate=0073c8bce70dd901
width=423
height=507
textactive=0
[carousel-2.jpg]
filters=crop64=1,5c1498ffffebf1;
crop=rect64(5c1498ffffebf1)
moddate=00d0bf4b2010d901
width=7828
height=5221
textactive=0
